left_points
-1e10 -0.16223273 -0.09624318 -0.04866007 -0.00800206 0.03000000 0.06800207 0.10866008 0.15624319 0.22223274
right_points
-0.16223273 -0.09624318 -0.04866007 -0.00800206 0.03000000 0.06800207 0.10866008 0.15624319 0.22223274 1e10
yk
 -0.16223273 -0.09624318 -0.04866007 -0.00800206 0.03000000 0.03000000 0.06800207 0.10866008 0.15624319 0.22223274
mean
 -0.00011633 -0.00006319 -0.00003571 -0.00001395 0.00000554 0.00002439 0.00004388 0.00006563 0.00009311 0.00014626
variance
 0.00002902 0.00000818 0.00000265 0.00000046 0.00000012 0.00000125 0.00000393 0.00000873 0.00001755 0.00004477
constant
 -0.24944662 -0.12944758 -0.07418071 -0.03287044 0.02191276 0.05133094 0.08949217 0.13295605 0.18851285 0.30607847
